8.696736692567346161e-01
4.304695714088275782e-01
5.812552436382329990e-01
7.129401856852384256e-01
5.988793304938179185e-01
4.513112059853212621e-01
3.141147982119252280e-02
6.438323665137368756e-01
4.833035883833266544e-01
1.283644898965115022e-01
8.074123504035132237e-01
2.615974151365463296e-01
7.997758199830832249e-01
8.005502723592942127e-01
8.749549228295012693e-01
2.022627166696886469e-01
6.419014440847957692e-01
9.071131875965141589e-01
4.160878027386436528e-01
3.365057032434586315e-01
9.010789708645398077e-01
3.595047936753692497e-02
1.925655357652393818e-01
3.066215425620624213e-01
3.611620954757194246e-01
9.198040329979420004e-01
7.190019745357607572e-01
9.599707412091057490e-01
2.630185434127441102e-01
8.358705482211258309e-01
7.840555664207355946e-01
3.758707987561835662e-01
9.749932986202185514e-01
2.750675234843631412e-01
3.477026799214277819e-01
4.032968922739916806e-01
6.286961917220468266e-02
4.554571514041416691e-02
3.860603538860870598e-01
6.204442729106942611e-01
6.172336373679204735e-01
9.796385568106178443e-01
5.468814852184306075e-01
7.033412832339998033e-01
6.004114753616698330e-01
5.333760946799793734e-01
7.491127070840724045e-01
7.642571063655201336e-02
9.283788513923896257e-02
2.915636216594149621e-01
4.806724603723584455e-01
9.479230336464997686e-01
6.051797391031680240e-01
7.213965470352141640e-01
3.711332205546622465e-01
3.525598628227779585e-01
6.872964980658691214e-02
1.113732287099112872e-01
9.408432295164749215e-01
6.009547756704219923e-01
4.691543631065303588e-01
4.896562441880957239e-01
2.515185258362788723e-01
7.816780015175691654e-01
3.147071451155102340e-01
7.803230404223923111e-01
4.507431775354615588e-01
4.449111397116837230e-01
6.277243352770380813e-01
5.198019864631496789e-01
8.249917941828005530e-01
3.082477607094699090e-01
5.134550194993653394e-01
9.024375549561001186e-01
4.293688440995480082e-01
3.088289036511281394e-01
4.605457041497311721e-01
6.101378481208286075e-02
9.539832037671521769e-01
4.384029578271287919e-01
4.958049492896811072e-01
3.032366714068337465e-01
2.743198592258691004e-01
4.464800978772338613e-01
3.703872360439426359e-01
7.648276553565320768e-01
9.155206589469596645e-01
4.465216941845961962e-02
6.426187431573425757e-01
2.815389996190342803e-01
1.652179194462333189e-01
2.526976629596938695e-01
9.610336810311677080e-01
6.273450237757759451e-01
7.421219685930336984e-01
3.964572174875016231e-01
5.606411041425976016e-01
4.413549479146772203e-02
7.744555181050645221e-01
4.053682141876590039e-01
